1000,1412819,55131357
2000,169070,1684208
3000,70838,2034291
4000,114397,2840836
5000,61197,2626510
6000,52636,3299802
7000,173553,4280074
8000,71262,4235622
9000,74773,5354188
10000,156569,4366612
11000,82561,7138552
12000,108004,6609967
13000,98519,7340656
14000,120329,6303791
15000,86664,9653640
16000,125240,7807254
17000,93950,11510489
18000,87134,12826002
19000,185868,14295778
20000,102365,16078413
21000,98365,18289423
22000,97988,15750045
23000,100874,21607763
24000,126265,18907040
25000,123858,25188451
26000,134611,27772273
27000,114424,28395511
28000,108881,31117619
29000,147441,32643083
30000,117895,33926970
31000,148779,36592679
32000,103901,38289256
33000,264138,35847455
34000,172810,47574064
35000,118336,47067283
36000,141746,49300738
37000,159654,43081712
38000,103201,47110975
39000,208456,59818328
40000,127031,69043187
41000,171872,68895228
42000,171071,61623866
43000,146925,74633225
44000,133010,78059529
45000,177074,80630348
46000,122989,82191537
47000,118106,90938816
48000,151961,93403209
49000,174250,96819969
50000,146241,104206142
